4196,3
2,3
2,2
14,3
13,3
0,9
0,278
0,273
0,276
0,272
0,271
0,270
0,275
0,12
0,10
0,8
0,0
0,513
0,268
0,575
0,267
0,411
0,266
0,413
0,265
0,530
0,264
0,390
0,263
0,289
0,262
0,288
0,261
0,469
0,260
0,410
0,259
0,277
0,258
0,468
0,257
0,491
0,256
0,389
0,255
0,483
0,254
0,409
0,253
0,482
0,252
0,401
0,251
0,300
0,250
0,402
0,249
0,465
0,248
0,388
0,247
0,563
0,246
0,245
0,299
0,244
0,305
0,242
0,396
0,241
0,436
0,240
0,480
0,239
0,487
0,238
0,237
0,490
0,236
0,503
0,235
0,406
0,234
0,460
0,233
0,232
0,395
0,231
0,394
0,230
0,281
0,229
0,304
0,228
0,459
0,227
0,282
0,226
0,400
0,225
0,486
0,224
0,450
0,223
0,457
0,222
0,303
0,221
0,502
0,220
0,287
0,219
0,485
0,218
0,474
0,217
0,481
0,216
0,399
0,215
0,393
0,214
0,387
0,213
0,501
0,212
0,463
0,211
0,453
0,210
0,408
0,209
0,500
0,208
0,472
0,207
0,473
0,206
0,205
0,479
0,204
0,298
0,203
0,385
0,202
0,470
0,201
0,200
0,286
0,199
0,384
0,198
0,293
0,197
0,301
0,196
0,285
0,195
0,499
0,194
0,574
0,193
0,297
0,192
0,477
0,63
0,62
0,407
0,61
0,279
0,60
0,292
0,59
0,316
0,58
0,510
0,57
0,311
0,56
0,392
0,55
0,54
0,551
0,53
0,496
0,52
0,495
0,51
0,498
0,50
0,310
0,49
0,405
0,48
0,494
0,47
0,449
0,46
0,571
0,45
0,274
0,559
0,509
0,558
0,489
0,557
0,476
0,556
0,508
0,554
0,493
0,550
0,507
0,549
0,269
0,548
0,492
0,545
0,296
0,543
0,506
0,539
0,283
0,538
0,309
0,528
0,570
0,522
0,412
0,521
0,398
0,520
0,475
0,517
0,540
0,515
0,291
0,319
0,397
0,318
0,290
0,317
0,497
0,315
0,280
0,314
0,505
0,313
0,404
0,312
0,504
0,308
0,307
0,306
0,295
0,302
0,391
0,447
0,403
0,446
0,284
0,442
0,484
0,438
0,294
0,6
0,5
0,11
0,4
0,2
0,3
0,7
